
state={
	id=351
	name="STATE_351"

	history={
		owner = SOV
		buildings = {
			infrastructure = 2

		}
		add_core_of = SOV
		victory_points = {
			9131 3 
		}

	}

	provinces={
		2 23 62 73 75 81 84 97 106 129 135 143 160 163 164 174 175 196 2996 3004 3017 3056 3079 3087 3091 3099 3124 3135 3154 3157 3164 3175 3186 3190 6077 6091 6097 6110 6112 6113 6119 6143 6158 6167 6180 6182 6189 6190 6215 9043 9102 9110 9113 9122 9131 9133 9136 9159 9168 9180 9188 9199 9200 9202 9207 9210 9222 11027 11035 11075 11086 11095 11099 11107 11143 11166 11168 11177 11180 11189 11192 11213 
	}
	manpower=2352100
	buildings_max_level_factor=1.000
	state_category=town
	local_supplies=0.000
}
